     0/399     55.2G   0.08395   0.01614         0    0.1001        79      1472   0.00352    0.2536  0.001954   0.00034   0.09215   0.01022         0
     1/399     80.1G   0.07848   0.01257         0   0.09105        57      1472    0.0137   0.05662  0.003728 0.0006059    0.0888   0.01013         0
     2/399     80.1G   0.07654   0.01189         0   0.08842        74      1472   0.01125   0.03525  0.003467 0.0007227   0.09015   0.00951         0
     3/399     80.1G   0.07359   0.01158         0   0.08517        70      1472   0.03394   0.08609   0.01416  0.002368   0.08705  0.009467         0
     4/399     80.1G   0.07144   0.01165         0   0.08309        69      1472   0.05089    0.1007    0.0193  0.004519   0.08689  0.009779         0
     5/399     80.1G   0.06955   0.01172         0   0.08127        50      1472    0.1135    0.1064   0.03857  0.008317   0.08207  0.009529         0
     6/399     80.1G    0.0685   0.01181         0   0.08031        75      1472     0.135    0.1343   0.05169   0.01215   0.07955  0.009691         0
     7/399     80.1G   0.06795   0.01157         0   0.07952        68      1472   0.09784    0.1198   0.03587  0.009309   0.08284   0.00957         0
     8/399     80.1G   0.06721   0.01148         0   0.07868        68      1472    0.2144    0.1362   0.07512    0.0218   0.08173  0.009095         0
     9/399     80.1G   0.06669   0.01164         0   0.07833        66      1472    0.1932    0.1574   0.08256   0.02398   0.07897  0.009214         0
    10/399     80.1G   0.06625   0.01141         0   0.07766        53      1472    0.2196    0.1792    0.1011   0.02939   0.07982  0.008759         0
    11/399     80.1G   0.06596   0.01137         0   0.07733        81      1472     0.214    0.1613    0.0955   0.02609   0.07878  0.009082         0
    12/399     80.1G   0.06571   0.01134         0   0.07705        73      1472    0.1734     0.145   0.07561   0.02064   0.08094  0.009318         0
    13/399     80.1G   0.06534   0.01111         0   0.07646        49      1472    0.2182    0.1743   0.09646   0.03079   0.07761  0.008853         0
    14/399     80.1G   0.06526   0.01113         0   0.07639        80      1472    0.2338    0.1964    0.1158   0.03992   0.07759  0.008639         0
    15/399     80.1G   0.06501   0.01124         0   0.07626        73      1472    0.2565    0.1915    0.1207    0.0386    0.0783  0.008492         0
    16/399     80.1G   0.06485   0.01105         0    0.0759        70      1472    0.2599    0.1986    0.1249   0.04282   0.07828  0.008275         0
    17/399     80.1G   0.06451   0.01117         0   0.07568        74      1472    0.2594    0.1988    0.1298   0.03928   0.07685  0.008563         0
    18/399     80.1G   0.06454   0.01131         0   0.07586        58      1472     0.257    0.2186    0.1281   0.04288   0.07696  0.008411         0
    19/399     80.1G   0.06437   0.01098         0   0.07536       117      1472    0.2399     0.211     0.117   0.04006   0.07594  0.008581         0
    20/399     80.1G   0.06428   0.01099         0   0.07526        74      1472    0.2666    0.2232    0.1384   0.04454   0.07647  0.008368         0
    21/399     80.1G   0.06411   0.01103         0   0.07514        72      1472    0.2355    0.2297    0.1295   0.04534   0.07616  0.008465         0
    22/399     80.1G   0.06411   0.01111         0   0.07522        82      1472    0.2782    0.2173     0.139   0.04798   0.07672  0.008215         0
    23/399     80.1G    0.0638   0.01096         0   0.07475        71      1472     0.289    0.2254    0.1521   0.04928    0.0757  0.008224         0
    24/399     80.1G   0.06377   0.01105         0   0.07483        84      1472    0.2559    0.2348    0.1389   0.04774   0.07527  0.008353         0
    25/399     80.1G   0.06355   0.01101         0   0.07457        65      1472    0.2888    0.2181     0.144   0.05111   0.07509  0.008274         0
    26/399     80.1G   0.06366   0.01096         0   0.07462        48      1472    0.2803    0.2293    0.1496   0.05255   0.07487  0.008266         0
    27/399     80.1G   0.06344   0.01094         0   0.07439        53      1472    0.2787    0.2318    0.1494   0.05334   0.07484  0.008229         0
    28/399     80.1G   0.06324     0.011         0   0.07424        91      1472    0.2973    0.2244    0.1509   0.05398   0.07448  0.008246         0
    29/399     80.1G   0.06335     0.011         0   0.07435        71      1472    0.2849    0.2294    0.1484   0.05393   0.07446   0.00825         0
    30/399     80.1G   0.06313   0.01101         0   0.07414       100      1472    0.2713    0.2457    0.1535   0.05489    0.0744  0.008203         0
    31/399     80.1G   0.06322   0.01094         0   0.07416        76      1472     0.287    0.2417    0.1584   0.05641   0.07394  0.008174         0
    32/399     80.1G   0.06314   0.01089         0   0.07402        73      1472    0.2805    0.2503    0.1608   0.05781   0.07408  0.008134         0
    33/399     80.1G    0.0631   0.01092         0   0.07402        79      1472    0.2949    0.2407    0.1609    0.0583   0.07401  0.008118         0
    34/399     80.1G   0.06278   0.01092         0    0.0737        82      1472    0.3309    0.2207    0.1607   0.05803   0.07394  0.008109         0
    35/399     80.1G   0.06274   0.01091         0   0.07365        61      1472    0.3259    0.2261    0.1626   0.05822   0.07387  0.008084         0
    36/399     80.1G   0.06268   0.01091         0   0.07359        41      1472    0.3241     0.227    0.1635   0.05851   0.07378  0.008074         0
    37/399     80.1G   0.06286   0.01079         0   0.07364        75      1472    0.2926    0.2451    0.1634   0.05892   0.07363  0.008066         0
    38/399     80.1G   0.06272   0.01087         0   0.07359        63      1472    0.3196    0.2272    0.1629   0.05835   0.07351  0.008061         0
    39/399     80.1G   0.06254    0.0109         0   0.07344        53      1472    0.3163    0.2301     0.163   0.05853    0.0734  0.008049         0
    40/399     80.1G   0.06232     0.011         0   0.07332        92      1472    0.3178    0.2329     0.165   0.05967   0.07338  0.008034         0
    41/399     80.1G   0.06264   0.01085         0   0.07349        67      1472    0.3216    0.2326    0.1655   0.05986   0.07336  0.008019         0
    42/399     80.1G   0.06236   0.01091         0   0.07328        66      1472    0.3223    0.2332    0.1664   0.05999   0.07335  0.008013         0
    43/399     80.1G   0.06273   0.01088         0   0.07361       107      1472    0.3012    0.2469    0.1677   0.06045   0.07326  0.008007         0
    44/399     80.1G   0.06219   0.01064         0   0.07283        56      1472    0.3072    0.2435    0.1679   0.06047   0.07319  0.008003         0
    45/399     80.1G   0.06208   0.01079         0   0.07287        63      1472     0.336    0.2285    0.1682   0.06049   0.07308  0.008009         0
    46/399     80.1G   0.06238   0.01085         0   0.07323        60      1472    0.3019    0.2478    0.1684   0.06078   0.07303  0.008008         0
    47/399     80.1G   0.06196    0.0108         0   0.07276        56      1472    0.3022    0.2492    0.1692   0.06094   0.07298  0.008003         0
    48/399     80.1G   0.06192   0.01086         0   0.07279        66      1472    0.3169    0.2396     0.169   0.06106    0.0729  0.007999         0
    49/399     80.1G   0.06209   0.01086         0   0.07295        58      1472     0.301    0.2492    0.1694    0.0609   0.07282  0.008003         0
    50/399     80.1G   0.06206   0.01084         0   0.07291        71      1472    0.2993    0.2517    0.1698   0.06126    0.0728     0.008         0
    51/399     80.1G    0.0619   0.01074         0   0.07264        45      1472    0.2903    0.2585    0.1697   0.06109   0.07276  0.007998         0
    52/399     80.1G   0.06157   0.01087         0   0.07244        84      1472    0.3012    0.2503    0.1696   0.06096   0.07272  0.007997         0
    53/399     80.1G   0.06178   0.01082         0    0.0726        47      1472    0.3012    0.2516    0.1698   0.06105    0.0727  0.007995         0
    54/399     80.1G   0.06144   0.01082         0   0.07226        85      1472    0.3034    0.2498    0.1703   0.06106   0.07267  0.007992         0
    55/399     80.1G   0.06173   0.01077         0    0.0725        32      1472    0.3023    0.2515    0.1707   0.06137   0.07264  0.007986         0
    56/399     80.1G   0.06158   0.01092         0    0.0725        44      1472    0.3029    0.2516    0.1708   0.06147    0.0726  0.007986         0
    57/399     80.1G    0.0618   0.01077         0   0.07257        56      1472    0.3024    0.2528    0.1712   0.06148   0.07259  0.007982         0
    58/399     80.1G   0.06149   0.01086         0   0.07235        64      1472    0.3015    0.2536    0.1717   0.06158   0.07257  0.007983         0
    59/399     80.1G   0.06146   0.01082         0   0.07228        64      1472    0.3014    0.2534    0.1723   0.06181   0.07251  0.007981         0
    60/399     80.1G   0.06136    0.0109         0   0.07226        58      1472    0.3016    0.2539    0.1726     0.062   0.07249  0.007979         0
    61/399     80.1G   0.06146   0.01073         0   0.07219        60      1472    0.3005    0.2552    0.1732   0.06211   0.07246  0.007979         0
    62/399     80.1G   0.06151   0.01079         0   0.07231        54      1472    0.3138    0.2472    0.1734   0.06219   0.07243  0.007977         0
    63/399     80.1G   0.06144   0.01081         0   0.07225        74      1472     0.307    0.2517    0.1734   0.06226   0.07239  0.007978         0
    64/399     80.1G   0.06112   0.01078         0    0.0719        86      1472     0.308    0.2512    0.1739   0.06242   0.07233  0.007978         0
    65/399     80.1G   0.06113   0.01079         0   0.07193       101      1472    0.3087    0.2517    0.1739   0.06263    0.0723  0.007975         0
    66/399     80.1G   0.06099   0.01078         0   0.07177       106      1472    0.3107    0.2498     0.174   0.06268   0.07226  0.007974         0
    67/399     80.1G   0.06088   0.01086         0   0.07174        86      1472    0.3056    0.2528    0.1736   0.06248   0.07222  0.007972         0
    68/399     80.1G   0.06109    0.0107         0   0.07179        60      1472    0.3187    0.2445    0.1739   0.06271   0.07219   0.00797         0
    69/399     80.1G   0.06095   0.01074         0   0.07169        81      1472    0.3046    0.2542    0.1743   0.06266   0.07214  0.007969         0
    70/399     80.1G   0.06071   0.01078         0   0.07148        57      1472    0.3041    0.2547    0.1742   0.06269    0.0721  0.007968         0
    71/399     80.1G   0.06091   0.01083         0   0.07175        46      1472    0.3053    0.2531    0.1738   0.06271   0.07206  0.007971         0
    72/399     80.1G   0.06071    0.0107         0   0.07141        67      1472    0.3009    0.2552    0.1736   0.06285   0.07202   0.00797         0
    73/399     80.1G   0.06095   0.01073         0   0.07168        56      1472    0.2961     0.259    0.1742     0.063     0.072  0.007965         0
    74/399     80.1G   0.06094    0.0107         0   0.07164       118      1472     0.305    0.2522     0.174   0.06309   0.07196  0.007965         0
    75/399     80.1G   0.06083   0.01071         0   0.07154        67      1472    0.3076    0.2518    0.1743   0.06316   0.07191  0.007969         0
    76/399     80.1G   0.06073   0.01078         0   0.07151        88      1472    0.3003     0.258    0.1749   0.06315   0.07187  0.007973         0
    77/399     80.1G   0.06093   0.01062         0   0.07155        62      1472    0.3027     0.258    0.1757   0.06354   0.07183  0.007975         0
    78/399     80.1G   0.06069   0.01064         0   0.07133        72      1472    0.3069    0.2549    0.1757   0.06362   0.07179  0.007975         0
    79/399     80.1G   0.06065   0.01086         0    0.0715        49      1472    0.3114    0.2534    0.1763   0.06388   0.07176  0.007974         0
    80/399     80.1G   0.06076   0.01052         0   0.07129        49      1472    0.3126    0.2516    0.1765   0.06452   0.07172  0.007973         0
    81/399     80.1G   0.06057   0.01057         0   0.07114        66      1472    0.2999    0.2596    0.1768   0.06442   0.07168  0.007969         0
    82/399     80.1G   0.06066   0.01068         0   0.07133        80      1472    0.3117    0.2513    0.1769   0.06448   0.07165  0.007968         0
    83/399     80.1G   0.06057   0.01067         0   0.07124        65      1472    0.3111    0.2516    0.1774   0.06464   0.07163  0.007962         0
    84/399     80.1G   0.06039   0.01068         0   0.07107        55      1472    0.3026    0.2581    0.1779    0.0648   0.07159  0.007961         0
    85/399     80.1G   0.06056   0.01055         0   0.07111        48      1472    0.3069    0.2554     0.178   0.06491   0.07156  0.007955         0
    86/399     80.1G   0.06039   0.01075         0   0.07114        56      1472    0.3075    0.2546    0.1784   0.06511   0.07152  0.007953         0
    87/399     80.1G   0.06039   0.01081         0    0.0712        69      1472    0.3084    0.2551    0.1793   0.06537   0.07148  0.007948         0
    88/399     80.1G    0.0603   0.01068         0   0.07098        82      1472    0.3041     0.259      0.18   0.06566   0.07143   0.00794         0
    89/399     80.1G    0.0604   0.01066         0   0.07106        55      1472    0.3075    0.2574    0.1807   0.06581   0.07138   0.00794         0
    90/399     80.1G   0.06057   0.01059         0   0.07116        68      1472    0.3118    0.2539    0.1808   0.06563   0.07135  0.007939         0
    91/399     80.1G   0.06046   0.01058         0   0.07103        58      1472    0.3044    0.2602    0.1817   0.06627    0.0713  0.007932         0
    92/399     80.1G   0.06056   0.01052         0   0.07108        52      1472    0.3107    0.2556    0.1819   0.06644   0.07127  0.007929         0
    93/399     80.1G   0.06032   0.01087         0   0.07119        60      1472    0.2999     0.264    0.1827   0.06661   0.07119  0.007926         0
    94/399     80.1G   0.06032   0.01075         0   0.07107        65      1472    0.3011    0.2645    0.1831   0.06682   0.07111  0.007925         0
    95/399     80.1G   0.06034   0.01058         0   0.07092        70      1472    0.3012    0.2642    0.1838   0.06706   0.07107   0.00792         0
    96/399     80.1G   0.06025   0.01066         0   0.07092        51      1472    0.3019    0.2658    0.1849   0.06752   0.07103  0.007911         0
    97/399     80.1G   0.06009   0.01073         0   0.07082        69      1472    0.3019    0.2659    0.1853   0.06769   0.07098  0.007908         0
    98/399     80.1G   0.06009   0.01071         0    0.0708        64      1472    0.3011    0.2689    0.1859   0.06777   0.07094  0.007902         0
    99/399     80.1G   0.05993   0.01057         0    0.0705        64      1472    0.3009    0.2701    0.1867   0.06773   0.07091  0.007897         0
   100/399     80.1G   0.05978   0.01078         0   0.07056        78      1472     0.302    0.2703    0.1871   0.06797   0.07085  0.007894         0
   101/399     80.1G   0.06018   0.01068         0   0.07085        86      1472    0.2889     0.283    0.1881   0.06842   0.07078  0.007887         0
   102/399     80.1G   0.05991   0.01057         0   0.07048        82      1472    0.2942    0.2809    0.1893   0.06892   0.07071  0.007883         0
   103/399     80.1G   0.06018   0.01068         0   0.07086        88      1472    0.2924    0.2834      0.19   0.06916   0.07065  0.007877         0
   104/399     80.1G   0.05987   0.01053         0    0.0704        63      1472    0.2907     0.286    0.1908   0.06951   0.07062  0.007869         0
   105/399     80.1G    0.0599   0.01065         0   0.07054        66      1472    0.2931    0.2868     0.192   0.07009   0.07058   0.00786         0
   106/399     80.1G   0.05974   0.01063         0   0.07038        59      1472    0.3058    0.2779    0.1936   0.07064   0.07053  0.007856         0
   107/399     80.1G   0.05979   0.01069         0   0.07048        78      1472    0.3094    0.2772    0.1949   0.07089   0.07045  0.007851         0
   108/399     80.1G   0.05952   0.01057         0    0.0701        66      1472    0.3052    0.2814    0.1953   0.07189   0.07039  0.007847         0
   109/399     80.1G   0.05975   0.01077         0   0.07052        45      1472    0.3127     0.277    0.1962   0.07171   0.07033  0.007842         0
   110/399     80.1G   0.05981   0.01053         0   0.07034        99      1472    0.3125    0.2796    0.1976   0.07236   0.07028  0.007831         0
   111/399     80.1G   0.05973   0.01053         0   0.07027        88      1472    0.3085     0.284    0.1986   0.07303   0.07024  0.007825         0
   112/399     80.1G   0.05981   0.01054         0   0.07035        65      1472    0.3082    0.2875    0.1999   0.07347   0.07017  0.007821         0
   113/399     80.1G   0.05969   0.01066         0   0.07035        77      1472    0.2881    0.3116    0.2014   0.07396   0.07013  0.007813         0
   114/399     80.1G   0.05952    0.0107         0   0.07021        74      1472    0.2937    0.3088    0.2026   0.07449   0.07007  0.007802         0
   115/399     80.1G   0.05954   0.01062         0   0.07017        64      1472    0.2952     0.311     0.204   0.07512      0.07   0.00779         0
   116/399     80.1G   0.05939   0.01057         0   0.06996        61      1472     0.296    0.3134    0.2058   0.07572   0.06993  0.007782         0
   117/399     80.1G   0.05968   0.01067         0   0.07036        94      1472     0.299    0.3136     0.207   0.07617   0.06989  0.007772         0
   118/399     80.1G   0.05956   0.01057         0   0.07013        71      1472    0.2986    0.3154    0.2078   0.07649   0.06984  0.007764         0
   119/399     80.1G   0.05941   0.01072         0   0.07013        57      1472    0.3044    0.3129    0.2088   0.07711    0.0698  0.007757         0
   120/399     80.1G    0.0596   0.01055         0   0.07015        78      1472    0.3162    0.3038    0.2099   0.07759   0.06974  0.007749         0
   121/399     80.1G   0.05957   0.01062         0   0.07019        73      1472    0.3217    0.3008    0.2109    0.0779   0.06968  0.007742         0
   122/399     80.1G   0.05929    0.0106         0   0.06989        94      1472    0.3155    0.3094    0.2124    0.0785   0.06962  0.007734         0
   123/399     80.1G   0.05952   0.01062         0   0.07014        33      1472    0.3156    0.3123    0.2139   0.07903   0.06953  0.007724         0
   124/399     80.1G   0.05936   0.01061         0   0.06996        59      1472    0.3153    0.3157     0.215   0.07939   0.06947  0.007715         0
   125/399     80.1G   0.05955   0.01043         0   0.06998       110      1472    0.3165    0.3155     0.216   0.07988   0.06939  0.007706         0
   126/399     80.1G   0.05932   0.01049         0   0.06981        64      1472    0.3215    0.3127    0.2172   0.08018   0.06934  0.007699         0
   127/399     80.1G   0.05917   0.01049         0   0.06966        60      1472    0.3228    0.3152    0.2187   0.08079   0.06928   0.00769         0
   128/399     80.1G   0.05902    0.0107         0   0.06973        78      1472    0.3247    0.3138     0.219   0.08111   0.06922  0.007685         0
   129/399     80.1G   0.05912    0.0107         0   0.06982        59      1472     0.332      0.31    0.2204   0.08145   0.06916  0.007676         0
   130/399     80.1G   0.05932   0.01068         0   0.06999        67      1472    0.3326    0.3122    0.2219   0.08197   0.06908  0.007671         0
   131/399     80.1G   0.05918   0.01066         0   0.06984        66      1472     0.338    0.3108    0.2234   0.08271   0.06903  0.007659         0
   132/399     80.1G   0.05927   0.01057         0   0.06983        78      1472    0.3248    0.3243    0.2245   0.08308     0.069   0.00765         0
   133/399     80.1G   0.05912   0.01061         0   0.06973        67      1472    0.3279    0.3237    0.2257   0.08364   0.06894  0.007643         0
   134/399     80.1G   0.05913   0.01057         0    0.0697       104      1472    0.3333    0.3214    0.2274    0.0842    0.0689  0.007634         0
   135/399     80.1G   0.05903   0.01063         0   0.06966        72      1472    0.3357    0.3211     0.228   0.08474   0.06885  0.007629         0
   136/399     80.1G    0.0592   0.01065         0   0.06984        51      1472    0.3312    0.3267    0.2286   0.08487    0.0688  0.007624         0
   137/399     80.1G   0.05926   0.01061         0   0.06987        93      1472    0.3414    0.3212    0.2309   0.08572   0.06873  0.007616         0
   138/399     80.1G   0.05891   0.01063         0   0.06954        81      1472    0.3662     0.304     0.232   0.08601   0.06866   0.00761         0
   139/399     80.1G   0.05898   0.01055         0   0.06953        54      1472     0.366    0.3058    0.2334   0.08647   0.06861  0.007603         0
   140/399     80.1G    0.0591   0.01063         0   0.06973        71      1472    0.3445    0.3262    0.2348   0.08681   0.06853    0.0076         0
   141/399     80.1G   0.05908   0.01055         0   0.06963        50      1472    0.3521    0.3214    0.2357   0.08732   0.06847  0.007597         0
   142/399     80.1G   0.05928   0.01072         0   0.06999        82      1472    0.3521    0.3239    0.2375   0.08771   0.06841   0.00759         0
   143/399     80.1G   0.05893    0.0108         0   0.06972        73      1472    0.3486    0.3296    0.2385   0.08815   0.06833  0.007584         0
   144/399     80.1G   0.05878    0.0105         0   0.06928        66      1472    0.3821    0.3063    0.2408   0.08877   0.06826  0.007577         0
   145/399     80.1G   0.05899   0.01059         0   0.06957        53      1472    0.3868    0.3053    0.2417   0.08942    0.0682  0.007573         0
   146/399     80.1G   0.05885   0.01072         0   0.06957        41      1472    0.3817      0.31    0.2428   0.08992   0.06814  0.007567         0
   147/399     80.1G   0.05888   0.01079         0   0.06967        62      1472    0.3654    0.3227    0.2442    0.0905   0.06808  0.007562         0
   148/399     80.1G   0.05862   0.01054         0   0.06916        70      1472    0.3768     0.315    0.2447   0.09076   0.06802   0.00756         0
   149/399     80.1G   0.05889   0.01068         0   0.06957        77      1472    0.3812    0.3127    0.2452   0.09096   0.06797   0.00756         0
   150/399     80.1G   0.05881   0.01045         0   0.06926        69      1472      0.36    0.3305    0.2465   0.09137   0.06791  0.007556         0
   151/399     80.1G   0.05877   0.01059         0   0.06936        70      1472    0.3702     0.325    0.2477   0.09179   0.06786  0.007548         0
   152/399     80.1G   0.05882   0.01059         0   0.06942        72      1472    0.3507    0.3426    0.2485   0.09233   0.06782  0.007544         0
   153/399     80.1G    0.0589    0.0105         0   0.06939        75      1472    0.3519    0.3419      0.25   0.09286   0.06778  0.007533         0
   154/399     80.1G   0.05883   0.01068         0   0.06951        59      1472    0.3863    0.3163    0.2509   0.09329   0.06776  0.007525         0
   155/399     80.1G   0.05868   0.01065         0   0.06933        90      1472    0.3693    0.3311    0.2523   0.09394   0.06771  0.007519         0
   156/399     80.1G   0.05869   0.01063         0   0.06932        66      1472    0.3771    0.3261    0.2535   0.09432   0.06767  0.007513         0
   157/399     80.1G   0.05844   0.01066         0    0.0691        89      1472    0.3685    0.3343    0.2549   0.09489   0.06762  0.007507         0
   158/399     80.1G   0.05861   0.01067         0   0.06928       101      1472    0.3913     0.319    0.2558   0.09562   0.06756  0.007501         0
   159/399     80.1G   0.05862   0.01066         0   0.06928        62      1472    0.3672    0.3391    0.2569   0.09594   0.06751  0.007496         0
   160/399     80.1G    0.0588   0.01051         0   0.06931        53      1472    0.3721     0.337    0.2576   0.09626   0.06748  0.007489         0
   161/399     80.1G   0.05862   0.01043         0   0.06904        50      1472    0.3733    0.3386    0.2593   0.09695   0.06746  0.007478         0
   162/399     80.1G   0.05866   0.01053         0    0.0692        67      1472    0.3779    0.3368    0.2603   0.09742   0.06744   0.00747         0
   163/399     80.1G   0.05846   0.01043         0   0.06889        69      1472    0.3794    0.3385    0.2619   0.09796   0.06741  0.007462         0
   164/399     80.1G   0.05851   0.01051         0   0.06902        65      1472    0.3851    0.3378    0.2636    0.0986   0.06737  0.007456         0
   165/399     80.1G    0.0585   0.01059         0   0.06909        32      1472    0.3842    0.3399    0.2648   0.09903   0.06732  0.007454         0
   166/399     80.1G   0.05831   0.01056         0   0.06888        95      1472    0.3842    0.3415    0.2657    0.0993   0.06727  0.007452         0
   167/399     80.1G    0.0582   0.01057         0   0.06877        82      1472     0.381     0.346    0.2673   0.09964   0.06721   0.00745         0
   168/399     80.1G   0.05836   0.01046         0   0.06882        56      1472    0.3733    0.3529    0.2682    0.1003   0.06715  0.007444         0
   169/399     80.1G   0.05821   0.01064         0   0.06885        82      1472    0.3805    0.3482    0.2692    0.1009   0.06708  0.007437         0
   170/399     80.1G   0.05831   0.01049         0   0.06879        57      1472     0.378    0.3528    0.2705    0.1012   0.06703  0.007432         0
   171/399     80.1G   0.05832   0.01036         0   0.06868        60      1472    0.3782    0.3538    0.2717    0.1019   0.06702  0.007424         0
   172/399     80.1G   0.05833   0.01037         0    0.0687        70      1472    0.3805    0.3529    0.2726    0.1023   0.06696  0.007422         0
   173/399     80.1G   0.05828   0.01055         0   0.06884        80      1472    0.3901    0.3483    0.2746    0.1029   0.06693  0.007411         0
   174/399     80.1G   0.05834   0.01059         0   0.06893        92      1472    0.3791    0.3593    0.2755    0.1032   0.06687   0.00741         0
   175/399     80.1G    0.0583   0.01055         0   0.06886        56      1472    0.3786    0.3604    0.2766    0.1036   0.06683  0.007405         0
   176/399     80.1G    0.0582   0.01039         0    0.0686        61      1472    0.3909      0.35    0.2766    0.1038    0.0668  0.007403         0
   177/399     80.1G   0.05809   0.01058         0   0.06867        68      1472    0.3893    0.3532    0.2779    0.1041   0.06677    0.0074         0
   178/399     80.1G   0.05831   0.01052         0   0.06882        36      1472     0.395    0.3505    0.2794    0.1048   0.06674  0.007393         0
   179/399     80.1G   0.05798   0.01053         0   0.06851        79      1472    0.4041    0.3445      0.28    0.1052   0.06669  0.007392         0
   180/399     80.1G   0.05813   0.01059         0   0.06872        60      1472     0.406    0.3436     0.281    0.1056   0.06664  0.007388         0
   181/399     80.1G     0.058   0.01059         0   0.06859        82      1472     0.411    0.3418    0.2823    0.1063   0.06658  0.007385         0
   182/399     80.1G   0.05829   0.01062         0   0.06891        53      1472    0.4195    0.3374    0.2835    0.1065   0.06656   0.00738         0
   183/399     80.1G   0.05788   0.01048         0   0.06836        61      1472     0.418    0.3382    0.2837     0.107   0.06652  0.007375         0
   184/399     80.1G   0.05789   0.01049         0   0.06838        66      1472    0.4255    0.3354    0.2847    0.1074   0.06648  0.007372         0
   185/399     80.1G   0.05796   0.01053         0   0.06848        96      1472    0.4044    0.3513    0.2856    0.1076   0.06645  0.007369         0
   186/399     80.1G   0.05815   0.01046         0   0.06862        69      1472    0.4056    0.3519    0.2865    0.1082    0.0664  0.007364         0
   187/399     80.1G   0.05794   0.01047         0   0.06841        51      1472    0.4226    0.3417    0.2875    0.1086   0.06635  0.007359         0
   188/399     80.1G   0.05807   0.01039         0   0.06846        64      1472    0.4313    0.3376    0.2886    0.1088   0.06633  0.007356         0
   189/399     80.1G   0.05792   0.01033         0   0.06825        78      1472    0.4314     0.339    0.2893    0.1091   0.06631   0.00735         0
   190/399     80.1G   0.05802   0.01029         0   0.06832        64      1472    0.4267     0.343    0.2907    0.1097    0.0663  0.007341         0
   191/399     80.1G   0.05805   0.01042         0   0.06847        76      1472    0.4279    0.3432    0.2916    0.1102   0.06628  0.007336         0
   192/399     80.1G   0.05784   0.01045         0   0.06829        89      1472    0.3874    0.3756    0.2922    0.1105   0.06625  0.007334         0
   193/399     80.1G   0.05769   0.01046         0   0.06815        50      1472    0.3825    0.3807    0.2931    0.1107    0.0662  0.007332         0
   194/399     80.1G   0.05784   0.01056         0    0.0684        48      1472     0.387    0.3775    0.2939    0.1116   0.06617  0.007329         0
   195/399     80.1G   0.05768   0.01046         0   0.06813        82      1472    0.4133    0.3575    0.2953     0.112   0.06611  0.007326         0
   196/399     80.1G   0.05788   0.01054         0   0.06842        54      1472    0.4135    0.3589    0.2963    0.1124   0.06607  0.007325         0
   197/399     80.1G   0.05761   0.01042         0   0.06803        59      1472      0.42    0.3563    0.2975    0.1129   0.06602  0.007322         0
   198/399     80.1G   0.05767    0.0104         0   0.06807        64      1472     0.389    0.3812    0.2978    0.1134   0.06599  0.007318         0
   199/399     80.1G   0.05753   0.01056         0   0.06809        74      1472    0.4225    0.3548    0.2985    0.1137   0.06597  0.007313         0
   200/399     80.1G   0.05738   0.01043         0   0.06781        58      1472    0.4244    0.3547    0.2996    0.1132   0.06593  0.007312         0
   201/399     80.1G   0.05739   0.01041         0    0.0678        88      1472    0.4243    0.3567    0.3002    0.1134   0.06592  0.007306         0
   202/399     80.1G   0.05764   0.01051         0   0.06815        76      1472    0.4043    0.3738    0.3017    0.1135   0.06588  0.007302         0
   203/399     80.1G   0.05787   0.01055         0   0.06842        64      1472    0.4046    0.3745    0.3025    0.1139   0.06585    0.0073         0
   204/399     80.1G   0.05773   0.01055         0   0.06828        63      1472    0.4071    0.3736    0.3029    0.1143   0.06581  0.007301         0
   205/399     80.1G   0.05729   0.01049         0   0.06778        51      1472    0.4067    0.3742    0.3028    0.1145   0.06579  0.007298         0
   206/399     80.1G    0.0576   0.01037         0   0.06797        70      1472    0.4033    0.3799    0.3042    0.1149   0.06574  0.007294         0
   207/399     80.1G   0.05765   0.01042         0   0.06807        59      1472    0.4052    0.3795    0.3049    0.1151   0.06572  0.007288         0
   208/399     80.1G   0.05747   0.01047         0   0.06794        52      1472    0.4024    0.3828    0.3055    0.1154    0.0657  0.007285         0
   209/399     80.1G   0.05752   0.01036         0   0.06788        56      1472    0.4063    0.3806    0.3062    0.1159   0.06569  0.007277         0
   210/399     80.1G   0.05726   0.01048         0   0.06774        72      1472    0.4084    0.3806    0.3071     0.116   0.06567  0.007272         0
   211/399     80.1G   0.05728   0.01051         0   0.06779        66      1472    0.4126    0.3787    0.3077    0.1167   0.06561  0.007272         0
   212/399     80.1G   0.05699   0.01044         0   0.06743        58      1472    0.4137     0.379    0.3086    0.1171   0.06559  0.007269         0
   213/399     80.1G   0.05741   0.01047         0   0.06788        96      1472    0.4159    0.3788    0.3099    0.1176   0.06556  0.007266         0
   214/399     80.1G   0.05724   0.01038         0   0.06761        65      1472    0.4153    0.3799    0.3104    0.1178   0.06552  0.007262         0
   215/399     80.1G   0.05732    0.0105         0   0.06783        69      1472    0.4138    0.3823    0.3105    0.1182   0.06549  0.007256         0
   216/399     80.1G   0.05735   0.01042         0   0.06778        75      1472    0.4097    0.3874    0.3114    0.1186   0.06547  0.007252         0
   217/399     80.1G   0.05701   0.01038         0   0.06739        91      1472     0.413     0.385    0.3125     0.119   0.06543  0.007249         0
   218/399     80.1G   0.05705   0.01052         0   0.06757        79      1472    0.4287    0.3738    0.3133    0.1193   0.06539  0.007247         0
   219/399     80.1G   0.05738   0.01047         0   0.06784        93      1472    0.4271    0.3774    0.3144    0.1196   0.06536  0.007243         0
   220/399     80.1G   0.05707   0.01054         0   0.06761        86      1472    0.4283    0.3773    0.3149    0.1198    0.0653  0.007242         0
   221/399     80.1G   0.05713   0.01049         0   0.06762        79      1472    0.4366    0.3726    0.3154    0.1199   0.06526  0.007241         0
   222/399     80.1G    0.0572   0.01043         0   0.06763        62      1472    0.4371     0.374    0.3162    0.1204   0.06521  0.007239         0
   223/399     80.1G     0.057    0.0105         0    0.0675        88      1472     0.441     0.372    0.3169    0.1208   0.06516  0.007238         0
   224/399     80.1G   0.05709   0.01043         0   0.06751        87      1472    0.4455    0.3697    0.3177    0.1212   0.06513  0.007235         0
   225/399     80.1G   0.05702   0.01039         0   0.06741        72      1472    0.4343    0.3768    0.3175    0.1211   0.06511  0.007234         0
   226/399     80.1G   0.05685   0.01034         0   0.06719        52      1472    0.4585    0.3632    0.3188    0.1214   0.06508  0.007231         0
   227/399     80.1G   0.05679   0.01062         0   0.06741        65      1472    0.4596    0.3637    0.3189    0.1219   0.06504  0.007229         0
   228/399     80.1G   0.05684   0.01049         0   0.06733        52      1472    0.4505      0.37    0.3193    0.1219   0.06502  0.007225         0
   229/399     80.1G   0.05695   0.01045         0    0.0674        60      1472    0.4502    0.3704    0.3192    0.1218   0.06503   0.00722         0
   230/399     80.1G   0.05701   0.01052         0   0.06753        63      1472    0.4448    0.3755    0.3201    0.1223   0.06501  0.007216         0
   231/399     80.1G   0.05654   0.01034         0   0.06688        59      1472    0.4441    0.3773     0.321    0.1224   0.06499  0.007209         0
   232/399     80.1G   0.05708   0.01046         0   0.06754        59      1472    0.4524    0.3713    0.3217    0.1227   0.06497  0.007203         0
   233/399     80.1G    0.0568   0.01046         0   0.06725        65      1472    0.4549    0.3705     0.322     0.123   0.06495  0.007201         0
   234/399     80.1G   0.05677   0.01048         0   0.06725        73      1472    0.4587    0.3687    0.3227     0.123   0.06493  0.007197         0
   235/399     80.1G    0.0569   0.01039         0   0.06729        72      1472    0.4569    0.3716    0.3236    0.1233   0.06491  0.007192         0
   236/399     80.1G   0.05658   0.01038         0   0.06696        67      1472    0.4655    0.3666    0.3237    0.1235   0.06488   0.00719         0
   237/399     80.1G   0.05662   0.01049         0   0.06711        81      1472    0.4679    0.3665    0.3246    0.1238   0.06484  0.007189         0
   238/399     80.1G    0.0568   0.01034         0   0.06714        84      1472    0.4685    0.3662     0.325    0.1241   0.06481  0.007186         0
   239/399     80.1G   0.05686   0.01047         0   0.06733        69      1472    0.4699    0.3659    0.3257    0.1246   0.06477  0.007183         0
   240/399     80.1G    0.0566   0.01046         0   0.06705        74      1472    0.4694    0.3674     0.326    0.1247   0.06475  0.007181         0
   241/399     80.1G   0.05669   0.01038         0   0.06708        55      1472    0.4667    0.3703    0.3258    0.1249   0.06474  0.007177         0
   242/399     80.1G   0.05649   0.01051         0     0.067        58      1472    0.4679    0.3693    0.3265    0.1253   0.06471  0.007174         0
   243/399     80.1G   0.05624   0.01058         0   0.06682        52      1472    0.4697    0.3687    0.3268    0.1254   0.06469  0.007172         0
   244/399     80.1G   0.05621   0.01046         0   0.06667        61      1472    0.4705    0.3682    0.3275    0.1256   0.06467   0.00717         0
   245/399     80.1G   0.05639   0.01034         0   0.06673        78      1472    0.4709    0.3685    0.3288     0.126   0.06464  0.007169         0
   246/399     80.1G   0.05665    0.0103         0   0.06695        74      1472    0.4626     0.375      0.33    0.1262   0.06462  0.007167         0
   247/399     80.1G   0.05643   0.01039         0   0.06682        63      1472     0.464    0.3728    0.3296    0.1265    0.0646  0.007164         0
   248/399     80.1G   0.05615   0.01054         0   0.06669        88      1472    0.4558    0.3791    0.3299    0.1268   0.06457  0.007162         0
   249/399     80.1G   0.05628    0.0105         0   0.06678        52      1472      0.46    0.3778    0.3307    0.1271   0.06454  0.007159         0
   250/399     80.1G   0.05659   0.01041         0     0.067        69      1472    0.4615    0.3781    0.3323    0.1275   0.06454  0.007153         0
   251/399     80.1G   0.05608   0.01045         0   0.06654        60      1472    0.4584    0.3818    0.3335    0.1276   0.06451  0.007151         0
   252/399     80.1G   0.05639   0.01043         0   0.06681        56      1472    0.4577    0.3812    0.3338    0.1281   0.06452  0.007146         0
   253/399     80.1G   0.05644   0.01038         0   0.06682        69      1472    0.4701    0.3747    0.3343    0.1282   0.06451  0.007143         0
   254/399     80.1G   0.05624   0.01046         0   0.06671        59      1472    0.4536    0.3856    0.3345    0.1288   0.06448  0.007142         0
   255/399     80.1G   0.05632   0.01023         0   0.06655        64      1472    0.4554    0.3851    0.3355    0.1292   0.06445  0.007139         0
   256/399     80.1G   0.05631    0.0104         0   0.06672        65      1472    0.4622    0.3812    0.3358    0.1294   0.06442  0.007138         0
   257/399     80.1G   0.05645    0.0104         0   0.06685        61      1472     0.462     0.382    0.3366    0.1297   0.06438  0.007136         0
   258/399     80.1G   0.05618   0.01042         0   0.06659        81      1472      0.47    0.3773    0.3367    0.1299   0.06435  0.007136         0
   259/399     80.1G    0.0559   0.01038         0   0.06627        54      1472      0.47    0.3781    0.3376    0.1302   0.06432  0.007137         0
   260/399     80.1G    0.0561   0.01039         0   0.06649        69      1472    0.4405    0.4012    0.3382    0.1304   0.06428  0.007136         0
   261/399     80.1G   0.05602   0.01046         0   0.06648        86      1472    0.4426    0.3988    0.3383    0.1305   0.06423  0.007135         0
   262/399     80.1G   0.05617   0.01031         0   0.06648        64      1472    0.4527    0.3926    0.3388    0.1307   0.06421  0.007133         0
   263/399     80.1G   0.05594   0.01037         0   0.06631        72      1472    0.4507    0.3944    0.3389    0.1309   0.06419  0.007133         0
   264/399     80.1G   0.05593   0.01047         0    0.0664        61      1472    0.4523    0.3945    0.3392     0.131   0.06415  0.007133         0
   265/399     80.1G    0.0557   0.01047         0   0.06616        67      1472    0.4542    0.3952    0.3406    0.1315   0.06413  0.007129         0
   266/399     80.1G   0.05582   0.01034         0   0.06617        58      1472    0.4543    0.3958    0.3408    0.1318   0.06412  0.007125         0
   267/399     80.1G   0.05586    0.0104         0   0.06626        58      1472     0.454    0.3974    0.3415     0.132    0.0641  0.007122         0
   268/399     80.1G   0.05577   0.01037         0   0.06615        91      1472    0.4509     0.401    0.3425    0.1323   0.06407  0.007121         0
   269/399     80.1G    0.0559   0.01051         0   0.06641        57      1472    0.4522    0.4006     0.343    0.1325   0.06405   0.00712         0
   270/399     80.1G   0.05577   0.01034         0   0.06611        87      1472    0.4618    0.3939    0.3435    0.1329   0.06402  0.007119         0
   271/399     80.1G    0.0557   0.01042         0   0.06612        66      1472    0.4663    0.3917    0.3437     0.133   0.06398   0.00712         0
   272/399     80.1G   0.05594   0.01032         0   0.06626        58      1472    0.4651    0.3929    0.3443    0.1328   0.06395  0.007118         0
   273/399     80.1G   0.05547   0.01035         0   0.06582        77      1472    0.4677    0.3913    0.3445    0.1334   0.06391  0.007115         0
   274/399     80.1G   0.05552   0.01035         0   0.06587        69      1472    0.4701    0.3913    0.3458    0.1334    0.0639  0.007111         0
   275/399     80.1G   0.05594   0.01039         0   0.06633        58      1472    0.4712    0.3913    0.3454    0.1337   0.06388  0.007106         0
   276/399     80.1G   0.05567   0.01038         0   0.06605        64      1472    0.4708    0.3929    0.3466     0.134   0.06385  0.007103         0
   277/399     80.1G    0.0557   0.01035         0   0.06605        44      1472    0.4684     0.395    0.3475    0.1346   0.06383  0.007101         0
   278/399     80.1G    0.0556   0.01025         0   0.06585        60      1472    0.4712    0.3937    0.3479     0.135    0.0638  0.007101         0
   279/399     80.1G   0.05564   0.01048         0   0.06613        61      1472    0.4786    0.3899    0.3488    0.1352   0.06378    0.0071         0
   280/399     80.1G   0.05554   0.01032         0   0.06586        67      1472    0.4785    0.3905    0.3494    0.1354   0.06377  0.007098         0
   281/399     80.1G   0.05544   0.01042         0   0.06586        48      1472     0.476    0.3918    0.3501    0.1357   0.06374  0.007099         0
   282/399     80.1G   0.05557   0.01036         0   0.06593        53      1472    0.4612    0.4023    0.3504    0.1362   0.06371    0.0071         0
   283/399     80.1G   0.05564   0.01037         0   0.06601        78      1472     0.468    0.3977    0.3502    0.1366   0.06368    0.0071         0
   284/399     80.1G   0.05549   0.01036         0   0.06585        64      1472    0.4818    0.3877    0.3504    0.1369   0.06366    0.0071         0
   285/399     80.1G   0.05549   0.01036         0   0.06585        76      1472    0.4752    0.3936     0.351    0.1371   0.06364  0.007098         0
   286/399     80.1G   0.05547    0.0104         0   0.06587        52      1472    0.4765    0.3938    0.3512    0.1371   0.06364  0.007096         0
   287/399     80.1G   0.05524   0.01037         0   0.06561        58      1472    0.4761     0.394    0.3514    0.1374   0.06362  0.007095         0
   288/399     80.1G   0.05541   0.01031         0   0.06572        80      1472    0.4737    0.3956    0.3518    0.1378    0.0636  0.007093         0
   289/399     80.1G   0.05526   0.01038         0   0.06563        56      1472    0.4844    0.3891    0.3521    0.1379   0.06357  0.007093         0
   290/399     80.1G   0.05498   0.01035         0   0.06533        65      1472    0.4818    0.3917    0.3528    0.1381   0.06357  0.007089         0
   291/399     80.1G   0.05521   0.01035         0   0.06556        64      1472     0.474    0.3973    0.3532    0.1381   0.06357  0.007086         0
   292/399     80.1G   0.05512   0.01032         0   0.06544        68      1472    0.4828    0.3923    0.3535    0.1384   0.06357  0.007083         0
   293/399     80.1G   0.05505   0.01032         0   0.06538        56      1472    0.4929    0.3862    0.3544    0.1387   0.06355  0.007083         0
   294/399     80.1G   0.05487   0.01043         0   0.06529        48      1472    0.4882    0.3884    0.3543     0.139   0.06353   0.00708         0
   295/399     80.1G   0.05524   0.01027         0   0.06551        77      1472    0.4827    0.3941    0.3553    0.1394   0.06351   0.00708         0
   296/399     80.1G   0.05494   0.01031         0   0.06526        62      1472    0.4738    0.3998    0.3557    0.1396   0.06352  0.007076         0
   297/399     80.1G   0.05474   0.01035         0    0.0651        74      1472    0.4795    0.3954    0.3558    0.1398    0.0635  0.007074         0
   298/399     80.1G   0.05473   0.01058         0   0.06531        46      1472    0.4811    0.3962    0.3564      0.14    0.0635  0.007067         0
   299/399     80.1G   0.05482   0.01045         0   0.06528        66      1472    0.4825    0.3949    0.3568    0.1402   0.06348  0.007066         0
   300/399     80.1G   0.05504   0.01036         0    0.0654        86      1472     0.476    0.3999    0.3571    0.1403   0.06345  0.007067         0
   301/399     80.1G   0.05509   0.01027         0   0.06536        85      1472    0.4749    0.4014    0.3581    0.1406   0.06346  0.007062         0
   302/399     80.1G   0.05475   0.01038         0   0.06514        74      1472    0.4791    0.4001     0.359     0.141   0.06344   0.00706         0
   303/399     80.1G   0.05493   0.01044         0   0.06537        62      1472    0.4795    0.4004    0.3588    0.1413   0.06342  0.007059         0
   304/399     80.1G   0.05464   0.01031         0   0.06495        46      1472    0.4849    0.3981    0.3592    0.1415   0.06341  0.007058         0
   305/399     80.1G   0.05482    0.0104         0   0.06523        56      1472    0.4797    0.4006    0.3589    0.1416   0.06338  0.007056         0
   306/399     80.1G     0.055   0.01032         0   0.06531        65      1472      0.48    0.4019    0.3598    0.1419   0.06335  0.007056         0
   307/399     80.1G   0.05458   0.01038         0   0.06496        63      1472    0.4845     0.399    0.3604    0.1419   0.06333  0.007056         0
   308/399     80.1G   0.05464   0.01039         0   0.06503        80      1472    0.4834    0.3999    0.3608     0.142   0.06333  0.007055         0
   309/399     80.1G   0.05452   0.01039         0   0.06491        81      1472     0.489    0.3959    0.3605    0.1422   0.06328  0.007058         0
   310/399     80.1G   0.05464   0.01051         0   0.06515        69      1472    0.4884    0.3966    0.3612    0.1424   0.06325   0.00706         0
   311/399     80.1G    0.0546   0.01033         0   0.06494        68      1472    0.4912    0.3954    0.3612    0.1429   0.06324  0.007057         0
   312/399     80.1G   0.05454   0.01031         0   0.06486        69      1472    0.4912    0.3952     0.362    0.1431   0.06321  0.007057         0
   313/399     80.1G   0.05421   0.01042         0   0.06463        72      1472    0.4899    0.3959    0.3623    0.1433   0.06319  0.007055         0
   314/399     80.1G   0.05445   0.01039         0   0.06484        43      1472     0.491     0.397    0.3636    0.1437   0.06318  0.007052         0
   315/399     80.1G   0.05455   0.01027         0   0.06482        51      1472    0.4921    0.3953    0.3636    0.1439   0.06318  0.007051         0
   316/399     80.1G   0.05456   0.01052         0   0.06508        77      1472    0.4914    0.3962    0.3642    0.1442   0.06317   0.00705         0
   317/399     80.1G   0.05447   0.01038         0   0.06485        62      1472    0.4778    0.4063    0.3653    0.1444   0.06315  0.007048         0
   318/399     80.1G   0.05453   0.01043         0   0.06496        90      1472    0.4764     0.409    0.3657    0.1448   0.06313  0.007048         0
   319/399     80.1G   0.05424    0.0104         0   0.06464        55      1472    0.4674    0.4159    0.3659    0.1451    0.0631   0.00705         0
   320/399     80.1G   0.05437   0.01042         0   0.06479        68      1472    0.4715     0.413    0.3659    0.1453   0.06309   0.00705         0
   321/399     80.1G   0.05442   0.01031         0   0.06473        80      1472    0.4824    0.4056    0.3665    0.1454   0.06306   0.00705         0
   322/399     80.1G   0.05412   0.01038         0    0.0645        86      1472    0.4757    0.4121    0.3672    0.1457   0.06303   0.00705         0
   323/399     80.1G   0.05429   0.01038         0   0.06466        67      1472    0.4683     0.417     0.367    0.1459   0.06301  0.007051         0
   324/399     80.1G   0.05418   0.01042         0   0.06461        55      1472    0.4737    0.4137    0.3673     0.146   0.06297  0.007054         0
   325/399     80.1G   0.05414   0.01036         0    0.0645        71      1472    0.5006    0.3937    0.3669    0.1462   0.06295  0.007054         0
   326/399     80.1G   0.05423   0.01033         0   0.06456        61      1472    0.4679    0.4167    0.3668    0.1463   0.06294  0.007055         0
   327/399     80.1G   0.05399   0.01037         0   0.06436        71      1472    0.5058    0.3903     0.367    0.1465   0.06294  0.007054         0
   328/399     80.1G   0.05392   0.01027         0   0.06419        57      1472    0.4939    0.3972    0.3672    0.1466   0.06293  0.007054         0
   329/399     80.1G   0.05423   0.01022         0   0.06446        84      1472    0.4919    0.3985    0.3673     0.147   0.06293  0.007053         0
   330/399     80.1G   0.05383    0.0103         0   0.06414        75      1472    0.4693    0.4157    0.3677    0.1472   0.06291  0.007052         0
   331/399     80.1G   0.05407   0.01037         0   0.06444        67      1472    0.4864     0.403    0.3684    0.1474   0.06291  0.007051         0
   332/399     80.1G   0.05386   0.01047         0   0.06433        96      1472    0.4689    0.4161    0.3687    0.1475   0.06287  0.007053         0
   333/399     80.1G   0.05385   0.01032         0   0.06417        73      1472    0.4714    0.4157    0.3693    0.1476   0.06285  0.007054         0
   334/399     80.1G   0.05384   0.01027         0   0.06411        72      1472    0.4699    0.4178    0.3695    0.1477   0.06283  0.007055         0
   335/399     80.1G   0.05414    0.0103         0   0.06445        87      1472    0.4807    0.4107    0.3697    0.1479   0.06281  0.007054         0
   336/399     80.1G   0.05389   0.01026         0   0.06415        35      1472    0.4776    0.4134    0.3698     0.148   0.06279  0.007056         0
   337/399     80.1G   0.05396   0.01015         0   0.06411        67      1472    0.4821    0.4119    0.3706    0.1484   0.06276  0.007057         0
   338/399     80.1G   0.05408   0.01024         0   0.06432        72      1472    0.4836    0.4108    0.3708    0.1483   0.06276  0.007056         0
   339/399     80.1G   0.05359   0.01024         0   0.06383        80      1472    0.4654    0.4257     0.371    0.1486   0.06273  0.007056         0
   340/399     80.1G    0.0536   0.01026         0   0.06386        56      1472    0.4741    0.4195    0.3714    0.1488    0.0627  0.007056         0
   341/399     80.1G   0.05374   0.01019         0   0.06393        60      1472    0.4756    0.4215     0.372    0.1491   0.06268  0.007056         0
   342/399     80.1G   0.05376   0.01036         0   0.06411        82      1472    0.4656    0.4284    0.3722    0.1491   0.06264  0.007058         0
   343/399     80.1G   0.05381   0.01041         0   0.06422        76      1472    0.4671     0.428    0.3725    0.1493   0.06263  0.007057         0
   344/399     80.1G   0.05351   0.01034         0   0.06385        62      1472    0.4679    0.4292    0.3733    0.1494   0.06259  0.007059         0
   345/399     80.1G   0.05365   0.01035         0   0.06399        77      1472    0.4706     0.429    0.3742    0.1499   0.06257  0.007057         0
   346/399     80.1G   0.05341   0.01031         0   0.06372        79      1472    0.4675    0.4312    0.3741    0.1499   0.06255   0.00706         0
   347/399     80.1G   0.05382   0.01029         0   0.06411        48      1472    0.4929    0.4129    0.3745    0.1501   0.06252   0.00706         0
   348/399     80.1G   0.05363   0.01039         0   0.06402        80      1472    0.4886    0.4169    0.3749    0.1505    0.0625  0.007061         0
   349/399     80.1G   0.05328   0.01042         0    0.0637        61      1472    0.4888    0.4177     0.375    0.1505   0.06248  0.007062         0
   350/399     80.1G   0.05356   0.01037         0   0.06392        61      1472    0.4904    0.4174    0.3757    0.1509   0.06247   0.00706         0
   351/399     80.1G   0.05341   0.01036         0   0.06377        61      1472    0.4955    0.4138    0.3753    0.1508   0.06245   0.00706         0
   352/399     80.1G   0.05323   0.01035         0   0.06358        66      1472    0.4935    0.4164     0.376    0.1511   0.06242  0.007063         0
   353/399     80.1G   0.05345   0.01038         0   0.06383        71      1472    0.4914    0.4179    0.3761    0.1512   0.06242  0.007059         0
   354/399     80.1G   0.05346   0.01026         0   0.06372        59      1472    0.4901    0.4201    0.3771    0.1512   0.06239  0.007057         0
   355/399     80.1G   0.05347   0.01024         0   0.06371        57      1472    0.4899     0.419    0.3771    0.1516   0.06239  0.007055         0
   356/399     80.1G   0.05325   0.01022         0   0.06346        71      1472    0.4921    0.4174    0.3773    0.1516   0.06237  0.007053         0
   357/399     80.1G   0.05327   0.01029         0   0.06356        83      1472    0.4947    0.4161    0.3778     0.152   0.06235  0.007054         0
   358/399     80.1G   0.05321   0.01028         0   0.06349        68      1472    0.4882    0.4213    0.3781    0.1521   0.06234  0.007054         0
   359/399     80.1G   0.05321   0.01024         0   0.06345        66      1472    0.4886    0.4211     0.378    0.1523   0.06232  0.007056         0
   360/399     80.1G   0.05315   0.01029         0   0.06344        64      1472    0.4883    0.4218    0.3778    0.1524   0.06233  0.007054         0
   361/399     80.1G   0.05311   0.01041         0   0.06353        91      1472     0.483    0.4274    0.3783    0.1526   0.06233  0.007052         0
   362/399     80.1G   0.05327   0.01032         0   0.06359        91      1472    0.4832    0.4274    0.3784    0.1528   0.06233  0.007051         0
   363/399     80.1G   0.05342   0.01039         0   0.06381        75      1472    0.4862    0.4264    0.3789    0.1526   0.06232  0.007052         0
   364/399     80.1G   0.05324   0.01038         0   0.06362        93      1472    0.4902    0.4253    0.3796    0.1529   0.06231  0.007051         0
   365/399     80.1G   0.05315   0.01025         0    0.0634        48      1472    0.5032    0.4154    0.3794     0.153    0.0623  0.007052         0
   366/399     80.1G   0.05308    0.0104         0   0.06348        66      1472    0.5124     0.409    0.3797     0.153   0.06229  0.007051         0
   367/399     80.1G   0.05309   0.01042         0   0.06351        58      1472    0.4871    0.4279    0.3801    0.1533   0.06228   0.00705         0
   368/399     80.1G   0.05319   0.01025         0   0.06344        70      1472    0.5046    0.4155    0.3806    0.1533   0.06231  0.007044         0
   369/399     80.1G   0.05314   0.01045         0   0.06359        82      1472    0.4961    0.4213    0.3802    0.1531   0.06229  0.007045         0
   370/399     80.1G   0.05304   0.01031         0   0.06335        50      1472    0.4936     0.423    0.3796    0.1532   0.06229  0.007044         0
   371/399     80.1G   0.05332   0.01024         0   0.06356        62      1472    0.5005     0.419    0.3805    0.1534   0.06228  0.007045         0
   372/399     80.1G   0.05295    0.0103         0   0.06324        47      1472    0.5045    0.4163     0.381    0.1537   0.06228  0.007043         0
   373/399     80.1G   0.05297   0.01035         0   0.06332        78      1472    0.5059     0.415    0.3806    0.1537   0.06228  0.007043         0
   374/399     80.1G   0.05281   0.01016         0   0.06298        82      1472    0.5006    0.4198    0.3813    0.1535   0.06225  0.007045         0
   375/399     80.1G   0.05315    0.0103         0   0.06345        70      1472    0.4976    0.4207    0.3806    0.1536   0.06224  0.007047         0
   376/399     80.1G   0.05295   0.01032         0   0.06327        74      1472    0.4991    0.4203    0.3802    0.1536   0.06224  0.007049         0
   377/399     80.1G   0.05286    0.0101         0   0.06296        97      1472    0.4992    0.4206     0.381    0.1537   0.06223   0.00705         0
   378/399     80.1G   0.05284   0.01035         0   0.06319        59      1472    0.5067    0.4167    0.3813    0.1539   0.06223   0.00705         0
   379/399     80.1G   0.05288   0.01022         0   0.06311        63      1472    0.5072    0.4161    0.3811    0.1539   0.06222  0.007051         0
   380/399     80.1G   0.05276   0.01041         0   0.06317        65      1472    0.5043    0.4178    0.3814     0.154   0.06222  0.007052         0
   381/399     80.1G   0.05289   0.01042         0   0.06331        63      1472    0.5024    0.4203    0.3816     0.154    0.0622  0.007054         0
   382/399     80.1G   0.05293   0.01025         0   0.06318        70      1472    0.5028    0.4209    0.3815     0.154   0.06218  0.007057         0
   383/399     80.1G   0.05276   0.01029         0   0.06305        78      1472    0.4951    0.4243    0.3812    0.1541   0.06217  0.007058         0
   384/399     80.1G   0.05265   0.01027         0   0.06292        78      1472    0.5066     0.418    0.3816    0.1542   0.06216  0.007061         0
   385/399     80.1G   0.05249    0.0103         0   0.06279        55      1472    0.5058     0.418    0.3815    0.1542   0.06213  0.007064         0
   386/399     80.1G   0.05275   0.01027         0   0.06302        80      1472    0.4882    0.4305     0.382    0.1543   0.06212  0.007067         0
   387/399     80.1G   0.05282   0.01027         0   0.06309        51      1472    0.5056    0.4188    0.3825    0.1544   0.06212  0.007068         0
   388/399     80.1G   0.05282   0.01022         0   0.06304        84      1472    0.5047    0.4195    0.3824    0.1544   0.06214  0.007066         0
   389/399     80.1G   0.05282   0.01028         0    0.0631        60      1472    0.4927    0.4299    0.3833    0.1545   0.06215  0.007066         0
   390/399     80.1G   0.05243   0.01029         0   0.06272        63      1472    0.4942    0.4276    0.3827    0.1545   0.06215  0.007067         0
   391/399     80.1G   0.05245   0.01027         0   0.06273        90      1472    0.4919    0.4296    0.3824    0.1548   0.06215  0.007066         0
   392/399     80.1G   0.05253   0.01019         0   0.06272        74      1472    0.4938    0.4278    0.3829    0.1547   0.06214  0.007067         0
   393/399     80.1G   0.05267   0.01039         0   0.06305        65      1472    0.4962    0.4268     0.383    0.1547   0.06215  0.007068         0
   394/399     80.1G   0.05265   0.01016         0   0.06281        70      1472    0.5017    0.4224     0.383    0.1548   0.06215  0.007069         0
   395/399     80.1G   0.05235   0.01022         0   0.06257        67      1472    0.4993    0.4236    0.3828    0.1547   0.06217  0.007066         0
   396/399     80.1G   0.05225   0.01025         0    0.0625        60      1472     0.501    0.4219    0.3833    0.1552   0.06216  0.007067         0
   397/399     80.1G   0.05243   0.01015         0   0.06257        68      1472    0.4938    0.4276    0.3836    0.1556   0.06215  0.007067         0
   398/399     80.1G    0.0523   0.01023         0   0.06253        54      1472    0.5016    0.4216    0.3834    0.1554   0.06214  0.007067         0
   399/399     80.1G   0.05251   0.01032         0   0.06283        87      1472    0.5056    0.4181    0.3827    0.1554   0.06214  0.007068         0
